0	|roiAndLabel  0.617 0.213 0.106 0.083 1 0.629 0.312 0.112 0.092 2 0.524 0.207 0.078 0.192 8 0.374 0.209 0.086 0.082 10 0.268 0.326 0.259 0.071 5 0.587 0.462 0.103 0.153 7 0.449 0.46 0.096 0.14 6 0.288 0.5 0.117 0.121 11 0.628 0.658 0.125 0.205 4 0.491 0.661 0.099 0.195 9 0.289 0.694 0.177 0.138 12
1	|roiAndLabel  0.599 0.212 0.112 0.081 1 0.375 0.21 0.088 0.074 10 0.615 0.305 0.113 0.096 2 0.489 0.25 0.114 0.149 6 0.298 0.316 0.171 0.081 5 0.629 0.454 0.094 0.157 7 0.433 0.54 0.17 0.096 8 0.343 0.492 0.095 0.104 11 0.628 0.661 0.135 0.196 4 0.486 0.663 0.102 0.195 9 0.299 0.701 0.177 0.128 12
2	|roiAndLabel  0.564 0.155 0.083 0.148 7 0.344 0.221 0.176 0.082 8 0.623 0.251 0.114 0.149 6 0.463 0.303 0.116 0.093 2 0.314 0.286 0.109 0.113 11 0.577 0.532 0.11 0.1 10 0.445 0.518 0.111 0.095 1 0.257 0.517 0.173 0.118 5 0.626 0.66 0.136 0.2 4 0.488 0.663 0.101 0.197 9 0.291 0.698 0.184 0.139 12
3	|roiAndLabel  0.563 0.153 0.088 0.155 7 0.343 0.221 0.176 0.083 8 0.623 0.244 0.113 0.154 6 0.461 0.304 0.116 0.093 2 0.312 0.286 0.111 0.11 11 0.651 0.531 0.123 0.1 10 0.552 0.502 0.085 0.085 11 0.421 0.521 0.129 0.094 1 0.243 0.519 0.167 0.113 5 0.625 0.663 0.136 0.195 4 0.49 0.663 0.1 0.193 9 0.242 0.698 0.24 0.125 12
4	|roiAndLabel  0.557 0.177 0.086 0.142 6 0.549 0.263 0.046 0.142 15 0.434 0.322 0.09 0.082 11 0.272 0.327 0.129 0.077 1 0.549 0.534 0.141 0.088 12 0.42 0.498 0.101 0.101 11 0.287 0.497 0.108 0.115 9 0.564 0.657 0.093 0.159 14 0.449 0.651 0.096 0.16 14 0.3 0.742 0.075 0.075 12
5	|roiAndLabel  0.552 0.181 0.086 0.135 6 0.449 0.164 0.039 0.139 15 0.466 0.325 0.091 0.079 11 0.272 0.329 0.128 0.074 1 0.548 0.534 0.141 0.091 12 0.419 0.496 0.102 0.102 11 0.285 0.497 0.11 0.116 9 0.54 0.661 0.094 0.154 14 0.394 0.668 0.105 0.167 14 0.299 0.741 0.079 0.08 12
6	|roiAndLabel  0.554 0.182 0.084 0.134 6 0.449 0.164 0.038 0.14 15 0.475 0.323 0.098 0.085 11 0.261 0.331 0.129 0.074 1 0.547 0.535 0.145 0.089 12 0.391 0.5 0.099 0.105 11 0.287 0.554 0.076 0.067 12 0.553 0.662 0.092 0.153 14 0.396 0.661 0.103 0.169 14 0.223 0.677 0.127 0.152 9
7	|roiAndLabel  0.475 0.173 0.083 0.143 6 0.539 0.357 0.134 0.056 3 0.427 0.353 0.066 0.051 12 0.278 0.271 0.047 0.132 15 0.536 0.527 0.161 0.078 12 0.432 0.522 0.103 0.105 11 0.34 0.499 0.087 0.099 11 0.229 0.526 0.108 0.104 1 0.547 0.66 0.098 0.158 14 0.247 0.665 0.249 0.162 5
8	|roiAndLabel  0.475 0.174 0.086 0.143 6 0.364 0.214 0.077 0.085 10 0.541 0.357 0.135 0.052 3 0.426 0.35 0.067 0.055 12 0.338 0.249 0.043 0.154 15 0.537 0.532 0.159 0.074 12 0.433 0.519 0.103 0.108 11 0.338 0.497 0.089 0.102 11 0.225 0.525 0.113 0.107 1 0.433 0.668 0.212 0.094 14 0.223 0.675 0.162 0.166 5
9	|roiAndLabel  0.52 0.179 0.086 0.141 6 0.541 0.353 0.115 0.055 3 0.443 0.352 0.07 0.053 12 0.325 0.254 0.048 0.151 15 0.535 0.529 0.162 0.079 12 0.423 0.523 0.088 0.093 1 0.259 0.52 0.11 0.109 14 0.568 0.662 0.089 0.091 11 0.51 0.687 0.097 0.142 10 0.396 0.666 0.109 0.103 11 0.227 0.676 0.156 0.168 5
10	|roiAndLabel  0.527 0.357 0.141 0.053 3 0.394 0.338 0.1 0.065 8 0.517 0.51 0.173 0.113 14 0.356 0.507 0.176 0.105 9 0.223 0.463 0.119 0.167 6 0.501 0.641 0.1 0.162 7 0.223 0.675 0.158 0.173 5
11	|roiAndLabel  0.533 0.357 0.131 0.054 3 0.321 0.338 0.169 0.067 8 0.559 0.512 0.113 0.107 14 0.366 0.505 0.13 0.109 9 0.23 0.507 0.126 0.116 2 0.624 0.74 0.071 0.075 12 0.458 0.65 0.092 0.144 7 0.257 0.673 0.147 0.169 5
12	|roiAndLabel  0.533 0.358 0.132 0.051 3 0.322 0.339 0.166 0.066 8 0.558 0.508 0.116 0.114 14 0.369 0.506 0.13 0.112 9 0.231 0.509 0.128 0.116 2 0.553 0.674 0.118 0.173 4 0.418 0.649 0.085 0.123 7 0.255 0.671 0.149 0.173 5
13	|roiAndLabel  0.532 0.357 0.135 0.049 3 0.322 0.34 0.166 0.065 8 0.557 0.506 0.114 0.116 14 0.374 0.507 0.122 0.11 9 0.234 0.509 0.121 0.114 2 0.551 0.668 0.113 0.167 4 0.406 0.679 0.093 0.161 13 0.253 0.675 0.149 0.172 5
14	|roiAndLabel  0.654 0.352 0.112 0.051 3 0.315 0.308 0.288 0.099 9 0.653 0.464 0.117 0.177 7 0.529 0.547 0.103 0.101 8 0.347 0.514 0.125 0.119 2 0.596 0.678 0.124 0.198 4 0.437 0.689 0.101 0.188 13 0.249 0.674 0.19 0.172 5
15	|roiAndLabel  0.602 0.191 0.063 0.112 16 0.601 0.348 0.151 0.057 3 0.349 0.294 0.191 0.11 9 0.636 0.466 0.114 0.171 7 0.483 0.547 0.152 0.095 8 0.362 0.512 0.094 0.095 11 0.253 0.512 0.115 0.125 11 0.6 0.685 0.125 0.192 4 0.498 0.688 0.103 0.18 13 0.318 0.678 0.169 0.166 5
16	|roiAndLabel  0.601 0.191 0.065 0.111 16 0.603 0.35 0.147 0.057 3 0.363 0.298 0.203 0.105 9 0.635 0.467 0.101 0.157 7 0.491 0.545 0.127 0.095 8 0.366 0.513 0.097 0.091 11 0.255 0.513 0.11 0.127 11 0.601 0.678 0.125 0.19 4 0.494 0.685 0.103 0.177 13 0.315 0.733 0.128 0.123 10
17	|roiAndLabel  0.599 0.187 0.069 0.119 16 0.601 0.344 0.15 0.061 3 0.359 0.299 0.209 0.105 9 0.635 0.464 0.101 0.163 7 0.502 0.545 0.121 0.091 8 0.363 0.511 0.095 0.092 11 0.252 0.513 0.117 0.123 11 0.598 0.679 0.128 0.19 4 0.494 0.69 0.105 0.175 13 0.396 0.703 0.09 0.101 10 0.269 0.737 0.103 0.114 1
18	|roiAndLabel  0.619 0.343 0.111 0.063 3 0.455 0.105 0.107 0.303 9 0.334 0.29 0.084 0.116 16 0.653 0.557 0.077 0.068 12 0.464 0.544 0.147 0.089 8 0.363 0.514 0.094 0.089 11 0.254 0.514 0.12 0.125 11 0.599 0.682 0.125 0.188 4 0.496 0.682 0.103 0.178 13 0.396 0.704 0.089 0.103 10 0.221 0.743 0.152 0.109 1
19	|roiAndLabel  0.65 0.307 0.103 0.1 3 0.556 0.298 0.079 0.105 16 0.386 0.124 0.111 0.281 9 0.656 0.558 0.071 0.065 12 0.521 0.546 0.107 0.092 8 0.368 0.515 0.087 0.093 11 0.237 0.525 0.138 0.109 11 0.6 0.682 0.124 0.186 4 0.494 0.688 0.103 0.174 13 0.381 0.702 0.106 0.1 10 0.239 0.735 0.138 0.133 1
