0.1428581029  0.1428580731  0.1428580731  0.1428580731  0.1428580731  0.1428580731
0.1428568512  0.1428568512  0.1428568512  0.1428568512  0.1428568512  0.1428568512
0.1428567767  0.1428567767  0.1428567767  0.1428567618  0.1428567618  0.1428567767
0.1428567767  0.1428567767  0.1428567767  0.1428567767  0.1428567767  0.1428567767
0.1428572088  0.1428572088  0.1428572088  0.1428571790  0.1428571790  0.1428572088
0.1428568214  0.1428568214  0.1428568214  0.1428568214  0.1428568065  0.1428568214
0.1428573281  0.1428573281  0.1428573281  0.1428573281  0.1428572983  0.1428573281

0.1352122426  0.1361364722  0.1382640749  0.1368365437  0.1368909925  0.1391809881
0.1337450594  0.1355943382  0.1366666257  0.1349115223  0.1357997656  0.1367070079
0.1471168995  0.1456482708  0.1484849900  0.1460565329  0.1458417475  0.1451856494
0.1439311057  0.1435487419  0.1437877119  0.1435098201  0.1437877864  0.1428924352
0.1390216798  0.1408280879  0.1395176053  0.1396802515  0.1399926543  0.1403272599
0.1391661465  0.1402415484  0.1389086396  0.1393499374  0.1400817782  0.1398407519
0.1618067473  0.1580024809  0.1543700993  0.1596553028  0.1576051712  0.1558657140
  
0.0023933153  0.0694303736  0.0659731030  0.1347761601  0.0922623128  0.1479150653
0.0004407543  0.0979754776  0.0522391833  0.1727847308  0.3553555310  0.3715902269
0.0004145358  0.1363229901  0.0936402678  0.1541748345  0.3084821701  0.2388264090
0.0008677585  0.1547313184  0.1378930360  0.1734490842  0.1143445969  0.1414008886
0.0038481432  0.1833854467  0.2139821947  0.1794196069  0.0595923513  0.0689545721
0.0081780292  0.1855497956  0.2884389460  0.1569376290  0.0367830321  0.0246922057
0.9838572741  0.1726042479  0.1478330493  0.0284577403  0.0331802107  0.0066202707
  
0.0500582382  0.1416890174  0.2181855440  0.0425966308  0.0299590956  0.0445780940
0.0007827295  0.1044588909  0.2450482696  0.3688611686  0.4574531913  0.4587682188
0.0014644809  0.1314200014  0.1963474303  0.2616394460  0.2746152580  0.2587071955
0.0009267734  0.1606586874  0.1379850656  0.1880615950  0.1631876975  0.1346752346
0.0025555403  0.1956916302  0.1014407799  0.0741188750  0.0427108929  0.0522042513
0.0022167868  0.2170333564  0.0773202255  0.0437276065  0.0226122122  0.0348034129
0.9419954419  0.0490484349  0.0236726124  0.0209948868  0.0094598178  0.0162626524

0.0017509479  0.0209619086  0.0775807053  0.0144840479  0.0028804608  0.0004886538
0.0000114930  0.0001724436  0.0048006335  0.0725395158  0.5397765040  0.9279029369
0.0007206905  0.0061326679  0.0267955214  0.5305700302  0.3716416061  0.0370883383
0.0054699052  0.0142373843  0.0912407488  0.2776065469  0.0485131294  0.0174689908
0.0070642447  0.2963753939  0.6341776252  0.0837691426  0.0238833055  0.0083767474
0.0025271114  0.2537635565  0.1039549336  0.0192681123  0.0113185085  0.0054508322
0.9824554920  0.4083561003  0.0614492260  0.0017622845  0.0019859576  0.0032233410
  
0.0007065377  0.0104048746  0.0933946595  0.0266577862  0.0007417368  0.0008497213
0.0002929425  0.0001622575  0.0454978608  0.0577008910  0.5903956890  0.7877293229
0.0007293680  0.0008949324  0.0540631376  0.4989860654  0.3780925572  0.1625171304
0.0001567053  0.0042154025  0.2446696013  0.3497885168  0.0211657602  0.0284893606
0.0006117641  0.1079107225  0.4984210730  0.0541588739  0.0073718065  0.0143092237
0.0000567356  0.5723441243  0.0522844940  0.0113677867  0.0013543640  0.0030413296
0.9974460006  0.3040682375  0.0116692679  0.0013395392  0.0008777710  0.0030637151
