0.850581 1.750931 0
0.295817 0.750572 0
0.516391 -0.360975 0
2.420777 -0.090561 0
3.348202 0.795501 2
4.143745 -0.460291 2
3.035357 0.173261 2
3.994160 -1.510748 2
2.420660 4.447749 1
3.769387 1.964453 1
-0.375605 1.691560 0
-0.683038 -1.490130 0
3.603992 0.468472 2
3.753366 1.043480 2
-0.545077 -2.017257 0
1.016596 1.545512 0
1.949932 1.293088 0
4.417363 0.339481 2
3.161861 -1.154865 2
0.915089 0.145766 0
2.850270 5.471920 1
5.340755 4.757482 1
2.317830 -0.755843 0
0.709791 0.913846 0
4.704113 0.772730 2
4.381783 2.835035 1
3.200161 1.287047 2
2.822506 -0.255837 2
4.546626 -1.627029 2
2.207578 1.929214 2
3.632576 0.317409 2
0.015024 2.003351 0
3.556311 2.120577 1
3.314624 0.113852 2
4.441904 -0.337041 2
3.773155 1.897769 2
3.370644 2.079311 1
1.707689 1.039760 0
0.735202 0.854537 0
2.065964 0.140221 0
4.337618 1.436807 2
6.911256 4.488664 1
3.911734 0.007639 2
3.372683 0.239696 2
2.811491 3.643670 1
0.042629 -2.121456 0
2.608066 2.707377 1
4.788529 0.103902 2
4.231202 -1.288953 2
6.135284 0.520736 2
-1.617781 -1.411071 0
0.669005 0.676985 0
3.479210 5.122576 1
4.146456 3.163166 1
2.640242 -0.410827 2
4.311803 2.845642 1
4.477967 1.593352 2
4.936296 0.163178 2
5.008645 -0.066843 2
4.673346 1.026838 2
1.495087 1.131963 0
4.954789 1.421871 2
0.110511 0.324263 0
0.624328 -0.370821 0
3.430689 0.708438 2
1.419392 4.817413 1
-0.133711 1.946401 0
3.603251 2.314971 1
5.280433 2.304896 1
2.705309 -0.174602 2
1.662169 1.500070 0
-0.090032 -0.040285 0
2.223038 -0.088248 2
1.083169 0.069552 0
4.033702 2.154562 1
3.475433 2.037273 1
0.553318 1.363306 0
3.109262 1.910524 1
0.795900 -0.298771 0
2.622072 4.353786 1
1.237084 1.473496 0
2.780511 -1.263311 2
0.122671 0.178249 0
2.476853 3.111957 1
1.201967 -0.037408 0
1.338018 1.896731 0
0.337431 0.537690 0
1.412522 1.340143 0
3.277437 3.845205 1
4.959703 -0.539578 2
0.828263 1.108011 0
5.206566 0.146635 2
1.006708 0.977209 0
4.351377 0.395787 2
2.707502 0.621481 2
-1.240241 0.240458 0
1.808932 1.257580 0
4.238336 -0.122539 2
2.792537 1.481371 2
-0.167989 1.800906 0
5.058889 1.648711 2
4.712115 -0.988159 2
3.295585 2.425473 1
4.044389 2.417661 1
0.626991 -0.651021 0
0.992318 0.691096 0
4.619445 0.259617 2
3.093516 0.521291 2
4.150023 3.198204 1
4.261322 -0.791624 2
4.614755 0.462139 2
0.489693 2.332593 0
5.263834 3.775567 1
0.625199 2.115576 0
4.779904 2.935131 1
3.959328 4.868688 1
1.334122 2.070338 0
1.184564 0.214305 0
3.758324 2.639036 1
3.682802 4.134436 1
0.809369 0.364547 0
0.232317 -0.389737 0
3.596973 0.132108 2
3.637945 2.843954 1
5.043283 1.387110 1
2.714144 0.244055 0
1.150154 0.690534 0
3.749271 5.401645 1
2.960310 1.004059 1
3.987482 3.647863 1
0.446675 2.144935 0
5.517713 2.892222 1
3.737749 4.250936 1
3.980629 2.081407 2
5.191253 4.308229 1
-2.024687 -0.729852 0
4.381476 1.441385 1
1.860326 0.824785 0
0.697217 1.926305 0
3.857789 -0.170524 2
0.728418 -0.264847 0
4.115721 3.721204 1
1.709498 2.572418 0
0.484265 1.929036 0
4.398466 2.974957 1
4.723389 3.934256 1
4.636940 3.639994 1
2.282319 -0.943723 0
3.360458 2.627762 1
4.502125 3.838971 1
4.348489 3.317562 1
5.726391 4.175006 1
3.502326 0.256212 2
0.641448 -1.260421 0
-0.326052 1.504179 0
1.455081 2.781433 0
4.600798 2.788445 1
0.140153 -1.375211 0
4.766452 4.731522 1
4.185739 -0.183651 2
4.508422 1.038866 2
1.275481 0.528976 0
3.841459 0.034064 2
2.972633 3.610965 1
3.394090 0.808227 2
4.585053 5.218644 1
5.290156 1.719936 2
3.136373 3.454009 1
5.157502 3.189176 1
4.899511 2.987143 1
3.582336 -0.752132 2
4.089229 -0.086473 2
2.823779 1.369976 0
0.278419 0.008402 0
5.268292 1.782446 1
3.572311 1.361240 1
-0.448711 0.017541 0
5.825273 4.852797 1
4.025939 4.312192 1
5.790894 1.385806 2
0.960827 -0.935346 0
2.813806 -0.855351 2
2.787543 1.733885 0
4.760157 4.260128 1
4.389383 0.809457 2
1.213324 0.166215 0
4.519449 2.763264 1
4.715326 -0.878368 2
1.666404 2.099559 0
3.670656 -0.300859 2
3.613596 0.778272 2
2.874333 0.250628 2
3.166212 0.977210 2
4.635791 -0.007510 2
2.100765 0.869447 0
0.636497 3.027411 0
3.831414 -0.979157 2
3.926241 1.101388 1
3.705679 2.853217 1
3.934009 5.294400 1
2.942151 4.557904 1
4.539127 0.993951 2
5.278829 -0.178692 2
2.974114 0.640122 2
3.893324 5.176440 1
3.980802 0.349653 2
3.553523 2.418453 1
5.319122 0.173606 2
0.308408 -0.549951 0
4.980042 5.133711 1
4.023775 3.622566 1
4.639149 4.212766 1
4.180335 1.825067 2
3.546281 3.729771 1
2.960732 3.437574 1
4.958394 4.141058 1
2.889191 3.995824 1
1.783066 -0.554723 0
2.793682 0.279812 0
4.864900 1.960915 1
4.046624 4.761189 1
3.899407 0.720138 2
4.431598 2.164687 2
2.916771 -0.185945 2
2.271246 3.922504 1
2.170908 1.048452 0
4.602037 1.819122 2
4.458686 3.638473 1
4.445113 -1.402941 2
3.916950 2.961058 1
1.984446 4.189601 1
4.534450 3.621132 1
3.751121 4.469712 1
2.275554 3.616916 1
5.840788 0.398355 2
0.650004 1.456378 0
1.436940 3.865549 1
4.132581 3.910487 1
1.803455 0.770615 0
4.172653 0.230832 2
-0.149498 -0.689566 0
0.638324 -1.129818 0
2.992879 4.058492 1
0.217086 0.245719 0
1.667023 -0.500537 0
0.585496 -1.813843 0
3.250471 5.159882 1
0.313961 -0.223704 0
1.445240 0.849124 0
3.780276 4.677613 1
6.240508 4.550004 1
1.906009 2.456805 0
1.356061 0.512475 2
3.771472 3.666674 1
7.030024 0.588757 2
1.598048 0.061716 0
4.784091 -0.729524 2
-0.146731 0.933984 0
0.083991 -1.551811 0
2.933554 3.421288 1
0.785947 -0.126327 0
-0.170080 -1.877700 0
4.260322 3.365218 1
5.114741 -0.551647 2
4.446464 0.578118 2
5.182440 1.297157 2
3.119042 3.634449 1
4.573459 0.714182 1
2.284305 -0.960534 0
1.176628 2.107225 1
0.387011 -0.000583 0
0.352842 0.591965 0
2.258992 2.409377 2
3.157652 0.528513 2
3.091461 4.030260 1
5.165433 1.783375 2
4.310720 0.381172 2
4.557686 1.312255 2
3.829951 -0.496402 2
2.397185 3.326349 1
2.758123 4.269220 1
4.203903 4.328877 1
4.279234 3.420609 1
4.122614 3.018282 1
3.685403 -0.638012 2
5.261829 3.441148 1
5.173777 0.824971 2
4.313848 5.365039 1
4.290522 3.129065 1
4.679031 3.115466 1
3.548378 0.794014 2
4.133010 2.804731 1
3.654690 3.079406 1
1.331912 1.419290 0
4.387985 2.089240 1
2.627430 0.774075 0
1.369731 0.570313 0
0.284882 -0.266577 0
3.719726 2.923358 1
4.271386 0.881748 2
3.856942 2.334567 2
4.998302 2.546943 1
0.605340 -0.886499 0
0.738825 -0.774849 0
4.009733 4.202768 1
2.740473 0.134576 2
1.659895 0.059445 0
2.008797 0.642876 0
3.245826 -0.705184 2
5.585175 -2.463975 2
4.693604 2.047809 1
6.760709 -0.364640 2
0.256844 1.019159 0
0.160779 1.201609 0
4.704412 1.123874 2
3.279678 5.210976 1
2.795491 3.712027 1
2.271352 2.969433 1
3.517856 2.844496 1
4.284301 1.678728 2
5.100158 3.546076 1
2.564195 2.019965 1
1.060497 0.593397 0
3.868254 -0.239752 2
5.169682 1.572501 2
0.131816 -0.006557 0
5.080721 -0.599506 2
3.719454 3.842693 1
3.833458 4.148007 1
2.893365 1.039678 2
3.337951 1.311826 2
4.275941 3.311378 1
4.923384 3.784629 1
2.544430 1.257187 1
4.288840 1.293988 2
4.893323 0.221717 2
2.669644 2.442408 1
2.101297 0.281557 0
3.597437 2.055121 2
2.168316 0.209931 2
4.464357 4.155689 1
3.912998 -0.500606 2
3.690463 2.809266 1
4.076196 1.505665 2
3.747219 3.785628 1
4.927846 4.580366 1
1.552901 -0.270516 0
3.803857 2.358414 1
4.333510 3.100772 1
2.894809 1.435985 1
5.281381 2.577106 1
1.271891 2.223141 0
4.019408 1.955476 2
3.594212 4.001799 1
0.367568 0.300231 0
-0.620407 1.349962 0
4.627883 -0.017560 2
0.557978 -0.794269 0
4.040556 0.633639 2
1.443563 1.519936 0
3.257727 1.724583 0
6.437681 1.033398 2
3.549760 1.086091 2
-0.265806 0.858224 0
-0.925209 1.750555 0
3.157074 1.132113 2
-0.269250 -1.199764 0
2.823012 4.315651 1
0.654515 2.579189 0
0.038818 0.043240 0
5.406151 2.889731 1
3.832493 2.347608 1
3.831367 0.885389 1
3.078938 1.084292 2
4.478507 4.363440 1
4.402131 -0.368332 2
4.083073 0.145133 2
5.392405 1.175188 2
1.401500 0.134697 0
4.923756 2.869779 1
3.006133 -0.010311 2
3.504674 2.071934 1
5.630265 0.767919 2
1.443541 2.046315 0
0.390887 -0.263884 0
0.597317 0.703279 0
3.189205 -1.214931 0
4.344228 0.766914 2
-0.813097 1.343216 0
3.949413 2.268196 1
4.371923 -0.061782 2
3.473859 -1.220452 2
2.829510 3.601855 1
1.966019 0.739962 0
4.091362 3.450695 1
3.468067 3.639058 1
3.448668 3.679614 1
3.239196 2.895994 1
1.722998 0.779864 0
4.747750 3.447379 1
1.695557 -0.717062 0
4.177504 2.083132 2
5.335139 1.963382 1
5.763062 1.686069 2
3.019948 2.644689 1
4.176300 -0.366912 2
4.833358 2.704603 1
4.690558 2.812789 1
2.995314 2.951066 2
3.654733 1.364934 2
4.083553 1.891109 2
3.324088 0.646849 2
0.577412 0.365113 0
2.979194 3.195296 1
0.724433 -0.453849 0
5.336912 -0.100991 2
1.607867 -0.120244 0
3.633357 -0.354424 2
2.970403 0.139613 2
3.550522 3.983465 1
2.248862 -0.279814 2
2.787941 1.419132 0
4.472463 4.091174 1
4.766511 3.265990 1
5.262057 4.593298 1
1.940240 -0.156825 0
0.817493 0.922480 0
2.094297 0.935297 0
4.132907 4.116303 1
4.808002 4.252812 1
5.567943 2.095626 2
3.377470 -0.311852 2
3.530424 2.994765 1
1.867226 1.632974 0
3.694051 0.965733 2
4.916126 3.071358 1
1.722893 0.906852 0
5.294481 1.663162 1
1.104364 -0.630318 0
3.501551 1.207977 2
5.083782 0.945677 2
-0.129512 -0.227690 0
3.464263 4.080870 1
2.195073 0.626834 2
2.973279 0.074713 0
4.040595 3.212904 1
3.003241 3.379211 1
3.688799 4.236401 1
3.457928 0.566051 2
2.488380 3.022558 1
0.778352 1.522210 0
1.963738 0.664392 0
2.828195 -0.162677 2
4.745492 0.341460 2
4.985620 -1.411953 2
3.869694 3.899472 1
3.823607 1.676836 2
4.837395 0.972063 2
4.227056 -1.004078 2
3.116663 0.771272 2
3.285383 -0.949923 2
4.137218 0.324753 2
2.677327 3.847169 1
3.010145 -0.571767 2
0.478705 -0.968917 0
4.942263 1.472602 2
3.414574 0.844629 0
2.588665 1.793078 2
3.606828 -0.493098 2
4.939808 1.989107 2
2.554954 1.134573 2
1.364513 -0.653827 0
5.461166 0.766307 2
0.797077 0.386172 0
-0.149684 1.875646 0
6.359811 4.798914 1
3.169821 2.540415 1
0.134422 -0.807880 0
3.963248 -0.806648 2
3.752782 2.428089 1
3.016258 3.696364 1
2.481549 0.672750 2
1.978791 2.019287 2
1.324058 0.122632 0
5.410643 0.249104 2
1.176907 0.745673 0
4.584587 0.862834 2
3.628143 5.516924 1
5.535460 0.484574 2
3.906770 1.426652 0
3.316388 0.063087 2
0.715477 -1.004529 0
1.357408 1.163319 0
3.287390 -0.264204 2
5.484419 -0.056670 2
0.842074 1.693794 0
0.766988 1.546642 0
0.390241 0.102723 0
0.691161 -2.696360 0
5.516825 0.995858 2
2.729125 0.594522 2
3.301212 2.384480 1
3.552314 0.966838 2
1.410067 0.198002 0
3.876769 3.785822 1
4.794174 0.378148 2
1.777848 2.362538 1
1.782817 0.159448 0
2.978849 4.712096 1
0.854970 1.330732 0
2.486742 3.264840 1
3.420206 2.415609 1
4.379914 -0.895775 2
2.943359 -0.867096 2
3.277054 1.714562 2
3.679317 2.017194 2
3.007516 0.223546 2
5.985277 0.028343 2
2.289516 -0.027517 0
0.592252 0.664793 0
4.558535 -0.696887 2
1.560109 0.695124 0
0.933555 0.555109 0
1.580292 0.522645 2
3.185724 -0.060433 0
4.017931 -0.088919 2
1.819172 1.861906 0
1.277994 1.878834 0
1.948445 1.943959 0
2.336692 -0.925140 2
-0.054970 1.695798 0
2.887829 4.154700 1
4.192848 1.457887 1
3.704082 3.784857 1
2.867734 1.719800 0
0.785477 1.868380 0
-0.511631 1.496357 0
-0.989460 0.048299 0
2.703829 0.186795 0
3.899430 3.979225 1
3.984672 -0.940063 2
4.923712 -0.478173 2
4.362487 1.926556 1
0.469222 -0.430353 0
3.618960 1.111462 2
0.750059 -1.371877 0
3.431578 -1.064595 2
2.953997 3.805687 1
3.248680 3.615767 1
4.075129 -0.264819 2
5.185689 4.421017 1
2.588439 4.424838 1
0.421296 1.106637 0
3.698982 3.039673 1
5.199171 1.841406 2
4.187461 2.087257 1
3.164497 2.244231 1
3.727727 2.918367 1
4.484435 1.032071 2
3.643928 1.656457 2
2.082402 1.864229 0
3.070941 2.923289 1
4.352628 4.420581 1
3.368911 2.450855 2
3.814814 4.722514 1
4.174246 4.229130 1
5.936433 5.230310 1
4.123597 2.145469 1
4.599053 0.268834 2
5.183473 -0.294784 2
3.456001 2.045256 1
-0.569043 0.576154 0
4.363703 -0.032972 2
-0.697617 1.117519 0
4.540954 3.137744 1
4.042518 3.712174 1
3.041294 4.751123 1
3.817143 -0.276611 2
-0.012041 1.063073 0
0.556563 -1.764793 0
5.120180 -0.545447 2
1.550852 2.059906 0
2.817482 3.117925 1
4.326815 -0.915293 2
-1.200969 0.875369 0
2.266779 1.731975 2
1.295270 0.017569 0
1.906842 -1.229446 0
1.560832 1.843185 0
3.039193 1.045341 2
0.467331 1.058692 0
1.776181 0.377550 0
5.171131 3.911582 1
2.960752 -0.382882 2
3.987706 4.223425 1
0.084669 0.012767 0
0.196577 -0.006986 0
4.833110 -0.986140 2
4.309105 -2.121870 2
5.076862 1.006754 2
5.425455 2.637479 1
4.093260 1.198355 2
3.495533 3.891552 1
4.270509 -0.409490 2
5.083184 2.101105 1
2.882639 1.503608 2
0.515237 -1.105467 0
1.525418 -0.659416 0
2.540351 -0.914002 0
2.815555 4.352356 1
4.557728 0.672083 2
1.439654 -0.408568 0
3.223145 0.101782 2
1.243795 1.497227 0
5.733896 0.769476 1
3.133879 1.922569 2
2.764999 -0.250087 2
2.653511 1.808161 1
1.170815 -1.844778 0
1.029782 0.891394 0
4.309986 0.784631 2
3.722179 3.026808 1
3.774548 2.895361 1
-0.705310 1.382237 0
1.775676 -0.450101 0
4.710036 1.241653 2
1.241361 1.509082 0
4.717872 -0.582108 2
2.698147 1.059511 2
4.050889 0.850360 2
4.153805 3.022406 1
0.848493 0.540232 0
5.009842 5.088045 1
0.233445 1.333794 0
-0.374083 0.130421 0
1.115891 1.108732 0
2.555737 -1.206085 0
0.655330 0.283429 0
3.549237 3.211559 1
3.424983 0.059635 2
-0.826715 -0.744625 0
0.990939 1.132354 0
4.485523 0.535413 2
5.873444 2.216568 1
4.121327 0.073768 2
1.671266 -0.168045 0
3.847337 1.902513 1
0.111519 0.498523 0
-0.708351 -0.436073 0
2.827963 1.926772 0
0.504775 2.663783 0
2.701694 0.903685 0
3.153183 -0.450564 2
2.331617 3.267215 1
2.628269 -0.861290 2
2.497828 -0.702162 2
4.534207 2.448353 1
3.010181 0.217655 2
1.575721 0.676404 0
3.387318 0.092507 2
5.289789 4.245029 1
2.901704 -0.543049 2
1.971426 0.407816 0
4.352753 1.696127 2
2.703439 3.712035 1
1.058123 1.253152 0
1.069097 0.924678 0
3.128960 0.739374 2
0.168429 -0.266827 0
5.362182 -0.288143 2
5.267172 1.506537 2
-0.520028 1.882681 0
2.600220 4.124153 1
2.274775 1.565357 2
0.104999 0.588188 0
3.856007 -2.131365 2
3.935018 4.940126 1
4.358035 -0.458042 2
4.316482 -1.919456 2
0.593266 1.187915 0
4.153937 2.223941 1
1.436067 -0.227795 0
3.837937 1.323351 2
3.508579 4.061085 1
4.588455 -0.141637 2
0.293546 1.547598 0
3.041603 2.634149 1
3.117510 -0.077553 2
1.605559 -0.714918 0
4.289062 5.346718 1
1.031197 1.511348 0
4.198672 0.824532 1
3.895537 2.175909 1
3.984825 -2.472399 2
3.745857 1.042633 2
4.087914 4.042640 1
2.426995 1.550032 2
-0.903014 0.198426 0
4.637921 0.320183 2
2.657735 1.639558 2
3.080908 0.058896 2
3.871599 2.980996 1
4.399448 0.626440 2
1.983253 -0.085691 0
2.856280 2.986556 1
2.016611 4.059621 1
4.909820 2.894166 1
2.677834 2.843953 1
2.466436 2.038963 0
4.404403 4.574020 1
4.730804 2.831452 2
0.603659 1.464233 0
1.661304 -0.922258 0
3.417130 2.409833 2
1.998893 1.602132 0
3.620792 3.492001 1
0.606613 1.158306 0
-0.610226 0.447975 0
3.516825 0.258211 2
1.486392 0.172385 0
0.282192 0.194569 0
2.861641 1.786980 2
3.977647 0.420000 2
3.769844 3.052396 1
5.003751 2.671613 1
2.612258 3.787877 1
-0.064131 1.129208 0
3.192302 0.885015 2
5.748486 0.054223 2
2.315103 -0.611769 2
0.664387 1.015268 0
4.313899 3.547027 1
5.742939 0.458762 2
1.365947 -0.016010 0
3.150071 -1.224693 2
3.658128 -0.957404 2
4.388741 3.308696 1
2.759014 1.444911 2
4.620942 -0.882362 2
-0.789914 -0.075010 0
3.212219 2.123086 1
0.736832 -0.543178 0
5.252395 4.800867 1
4.292803 1.602284 1
3.454494 -0.141786 2
3.521673 4.934548 1
-0.138116 -0.925932 0
3.269350 -0.058652 2
4.668894 -0.317718 2
4.853191 3.523191 1
3.100058 3.353049 1
4.973902 -0.612297 2
0.372187 -1.270818 0
2.121559 -0.992237 0
4.693729 3.685208 1
4.322753 1.592730 1
5.125482 3.564927 1
5.478064 3.168261 1
3.225780 1.310924 2
2.972490 0.505776 2
5.761114 3.111831 1
4.149961 -0.164603 2
4.258955 -0.371466 2
3.060906 -0.656724 2
0.380509 -1.112260 0
4.706419 2.942821 1
2.172524 0.434880 2
3.598626 0.979986 0
3.002188 3.187538 1
3.422577 -0.164324 2
1.224112 0.008244 0
3.790471 0.445972 2
-0.435890 -0.382603 0
3.580066 -1.438856 2
2.760795 0.025604 2
4.279390 5.848672 1
1.582084 -0.492263 0
1.857071 -1.023381 0
5.030877 -0.027514 2
-0.913974 0.292144 0
0.708314 0.678219 0
5.221916 3.775373 1
1.253379 -0.261193 0
1.414472 0.614716 0
4.054057 3.749614 1
0.783656 0.610176 0
3.420936 -0.724703 2
0.090131 0.412596 0
6.073610 4.059128 1
1.427056 0.667962 0
4.563260 2.576780 1
4.425293 -0.161128 2
-0.173001 -0.059186 0
3.741304 -0.489197 2
0.530492 1.737353 0
4.495917 2.700830 2
1.513960 -0.290395 0
4.093192 -0.850106 2
4.228117 0.284368 2
3.430857 -0.804766 2
4.787745 2.480997 1
-0.164805 -0.145586 0
4.136294 0.712471 2
4.218516 1.744702 2
3.675030 -0.133771 2
4.439195 0.035083 2
0.180565 1.332663 0
1.433078 0.201177 0
4.076836 2.502935 1
3.917199 3.183660 1
2.550336 -0.105055 2
-0.648935 0.897729 0
4.080729 -3.255942 2
0.484187 -0.986735 0
3.017920 1.881637 1
3.825242 0.403423 2
4.245756 1.325187 2
3.401156 2.232994 1
0.179599 -0.049378 0
4.306782 2.434646 1
4.251619 2.157774 1
3.002471 0.473556 2
2.994492 4.042579 1
6.200826 4.383185 1
2.718230 3.419219 1
0.441807 -1.269795 0
4.527633 2.755576 1
3.161611 -0.175916 2
2.088937 4.260002 1
5.492948 3.605896 1
2.782198 2.960734 1
1.149153 0.090535 0
3.000303 0.625224 0
-0.224784 -0.149609 0
2.580041 3.059947 1
1.630350 -0.420972 0
3.158468 2.044362 2
0.829054 0.858954 0
0.193344 -0.639470 0
0.834278 2.084760 0
0.839619 1.129095 0
2.611775 2.522055 1
3.675699 -1.712694 2
0.727648 0.068426 0
5.680645 -1.238885 2
0.822092 3.767519 1
2.819554 2.380068 2
6.398485 3.265953 1
2.499456 1.055354 0
1.471336 -1.129109 0
4.774372 0.786306 2
4.658204 2.843526 1
4.028291 -0.727405 2
3.522194 0.811700 1
1.957636 3.352913 1
3.457354 3.269198 1
-0.290585 0.088895 0
3.628512 -0.430625 2
3.626671 0.036408 2
3.563503 1.146257 2
2.758434 3.686589 1
3.017111 0.712970 2
2.366419 -0.074330 0
-0.653991 2.247666 0
1.043524 -2.139331 0
3.095207 -0.925025 2
1.515739 0.520109 0
4.592599 0.552176 2
3.734420 0.511262 2
4.764120 0.896661 2
5.172194 4.671813 1
1.737075 -1.593555 0
3.421319 1.655970 2
4.829188 3.750833 1
0.225877 2.339758 0
4.672866 1.008611 2
3.499141 0.631083 2
2.505045 2.699737 1
6.395698 5.018313 1
-0.385639 -0.188799 0
3.135025 3.558024 1
1.531718 0.689429 0
5.439208 -0.769324 2
3.154161 0.423625 2
1.867141 0.914633 0
5.024356 1.619782 1
3.454203 0.264498 2
-0.319047 -1.728032 0
4.330889 1.411151 1
5.572196 4.884241 1
4.712919 1.042215 2
2.551953 3.834336 1
4.423109 1.280390 1
5.041830 3.675778 1
3.051593 0.480035 2
2.675191 1.567659 2
3.174031 0.031412 2
0.558182 0.510364 0
4.578011 4.979899 1
5.933685 2.031094 2
3.576316 0.131014 2
2.159020 -0.563703 2
4.935524 1.870729 2
2.352803 0.966186 2
4.187619 3.567444 1
0.535110 1.592857 0
4.186730 5.907114 1
3.321408 -0.777039 2
3.756884 3.690405 1
-0.701754 1.190874 0
1.877841 -0.984815 0
0.175496 1.521494 0
-1.467345 -0.322515 0
3.902644 4.368433 1
4.497192 1.392483 2
3.451155 1.499023 2
4.367686 0.586195 2
-0.222078 -0.817220 0
4.201742 2.213056 2
3.466689 3.677518 1
3.571326 4.266413 1
4.479227 4.736567 1
-0.170369 -0.957051 0
3.741836 -0.231869 0
5.784597 1.288483 2
4.830335 1.057157 2
3.524388 1.603595 2
1.443579 -0.840159 0
3.557664 3.153806 1
3.587421 4.634977 1
1.647389 -0.663173 0
5.196641 0.358590 2
3.320302 2.735590 1
3.714718 -0.183326 2
5.221213 0.508450 2
1.871317 1.555332 0
1.088563 0.971620 0
3.523374 1.460770 2
4.115899 4.152549 1
2.163452 -0.594517 0
4.538832 4.224186 1
2.487261 0.590839 0
1.959327 2.666759 1
3.792289 0.952146 2
1.034714 1.548048 0
-0.321416 0.301985 0
3.656307 0.375389 0
4.565176 1.101678 1
2.007232 1.239710 0
5.101314 3.015592 1
0.162520 1.157466 0
4.518152 3.422276 1
1.035005 2.003738 0
3.351537 4.600191 1
-0.036370 0.200621 0
2.277790 1.900508 1
2.206577 2.254772 2
3.404547 -0.526926 0
4.693124 2.660545 1
4.359211 1.309245 2
2.392068 0.065599 0
2.582379 2.701377 1
2.718732 1.259529 0
2.618924 0.347343 2
4.920297 0.080472 2
0.357233 1.059476 0
5.004825 3.665755 1
3.282401 0.790601 2
4.638387 5.041699 1
4.133402 -0.109529 2
4.815077 3.691752 1
2.727361 4.694188 1
2.317788 1.851288 2
5.344627 -0.418609 2
4.686082 -0.055485 2
2.412082 1.778322 0
1.142400 0.763894 0
0.071852 0.655240 0
3.442604 1.356158 2
4.713902 4.841577 1
0.337061 -0.636795 0
1.389689 1.303703 0
4.845856 1.595987 2
1.881268 2.747658 1
2.951247 -1.127700 0
5.071034 3.137100 1
0.372224 1.959189 0
2.419271 2.129774 1
4.397965 1.457544 1
1.470474 2.723541 0
4.090755 0.805275 2
-0.393954 1.556686 0
2.955853 -1.887019 2
1.281037 1.055942 0
4.625562 4.537014 1
2.158361 3.297876 1
4.034792 2.927534 1
4.250496 1.617496 2
4.167185 0.625727 2
1.188867 -0.551140 0
